1 1
1 1 1 1
     1     1
     1     1
     1     1
     1     1
3 9
0.001 0.213 -0.781 -0.34
     1     1     1     1     1     1     1     1
     1     1     1     1     1     1     1     1
     1     1     1     1     1     1     1     1
     1     1     1     1     1     1     1     1
     1     1     1     1     1     1     1     1
     1     1     1     1     1     1     1     1
     1     1     1     1     1     1     1     1
     1     1     1     1     1     1     1     1
     1     1     1     1     1     1     1     1
     1     1     1     1     1     1     1     1
     1     1     1     1     1     1     1     1
     1     1     1     1     1     1     1     1
     1     1     1     1     1     1     1     1
     1     1     1     1     1     1     1     1
     1     1     1     1     1     1     1     1
     1     1     1     1     1     1     1     1
     1     1     1     1     1     1     1     1
     1     1     1     1     1     1     1     1
     1     1     1     1     1     1     1     1
     1     1     1     1     1     1     1     1
     1     1     1     1     1     1     1     1
     1     1     1     1     1     1     1     1
     1     1     1     1     1     1     1     1
     1     1     1     1     1     1     1     1
     1     1     1     1     1     1     1     1
     1     1     1     1     1     1     1     1
     1     1     1     1     1     1     1     1
     1     1     1     1     1     1     1     1
     1     1     1     1     1     1     1     1
     1     1     1     1     1     1     1     1
     1     1     1     1     1     1     1     1
     1     1     1     1     1     1     1     1
     1     1     1     1     1     1     1     1
     1     1     1     1     1     1     1     1
     1     1     1     1     1     1     1     1
     1     1     1     1     1     1     1     1
     1     1     1     1     1     1     1     1
     1     1     1     1     1     1     1     1
     1     1     1     1     1     1     1     1
     1     1     1     1     1     1     1     1
     1     1     1     1     1     1     1     1
     1     1     1     1     1     1     1     1
     1     1     1     1     1     1     1     1
     1     1     1     1     1     1     1     1
     1     1     1     1     1     1     1     1
     1     1     1     1     1     1     1     1
     1     1     1     1     1     1     1     1
     1     1     1     1     1     1     1     1
     1     1     1     1     1     1     1     1
     1     1     1     1     1     1     1     1
     1     1     1     1     1     1     1     1
     1     1     1     1     1     1     1     1
     1     1     1     1     1     1     1     1
     1     1     1     1     1     1     1     1
     1     1     1     1     1     1     1     1
     1     1     1     1     1     1     1     1
     1     1     1     1     1     1     1     1
     1     1     1     1     1     1     1     1
     1     1     1     1     1     1     1     1
     1     1     1     1     1     1     1     1
     1     1     1     1     1     1     1     1
     1     1     1     1     1     1     1     1
     1     1     1     1     1     1     1     1
     1     1     1     1     1     1     1     1
