4 1
1.000000 1.000000 -4.000000 3.000000
       2.850000       47.960000      -84.190000       82.220000 
      21.780000        4.560000      -17.340000       70.460000 
     -35.040000      -55.830000      -56.670000       14.220000 
     -39.210000      -16.260000       -0.860000       49.650000 
     -20.890000       84.930000      -37.620000      -74.510000 
      71.660000       38.150000       44.870000       79.520000 
      48.900000       98.600000      -57.690000       81.000000 
     -17.060000        2.700000       98.740000       49.310000 
     -85.820000       78.070000       31.530000       35.970000 
     -53.840000       77.710000        6.430000       11.120000 
     -78.110000       13.280000       88.870000      -53.800000 
      97.020000      -48.470000       59.370000      -60.340000 
      99.990000      -78.240000      -34.850000       71.650000 
      59.910000      -89.980000       51.170000      -27.660000 
     -91.370000       57.000000      -46.660000      -44.910000 
     -76.780000      -84.400000      -95.600000      -99.070000 
