8 16
0.900000 -0.010000 0.020000 -0.010000
     -70.280000      -99.270000       96.360000       13.990000      -70.530000       25.830000      -20.370000       22.950000 
      25.060000       91.590000      -22.280000      -84.520000       -4.270000      -93.460000      -60.190000       99.030000 
      53.740000       95.830000      -55.670000      -71.070000       -5.450000       92.530000      -91.710000       29.220000 
     -89.760000      -72.930000      -50.730000       43.160000      -47.460000      -12.180000       65.990000      -17.740000 
     -47.930000       62.350000       59.770000      -54.940000      -48.300000      -97.080000       68.020000       40.280000 
      58.030000      -54.260000       55.760000      -46.230000      -47.720000       59.100000      -83.680000      -93.970000 
      18.450000      -75.830000       98.480000      -87.000000      -83.300000       70.290000       42.230000       90.460000 
      97.370000       55.020000       33.630000      -86.570000      -57.160000       -0.380000      -40.790000      -41.570000 
     -74.510000      -81.020000        3.490000      -59.290000      -78.090000      -28.490000       81.000000       43.460000 
     -19.220000       36.760000       97.230000       33.060000       -4.140000       77.070000        2.610000      -85.680000 
     -98.760000      -35.390000      -72.680000       81.470000      -65.090000       33.070000       71.930000       95.800000 
     -11.910000      -30.920000      -90.770000       -5.550000       68.700000      -31.560000       52.880000       57.710000 
     -49.060000      -80.100000       98.430000      -63.630000      -45.070000       79.430000       79.840000       35.710000 
      16.190000       40.590000      -31.220000       75.580000       17.670000       34.910000       89.900000      -17.570000 
      99.530000       80.740000      -36.100000       97.960000      -22.660000       99.360000       57.280000       28.950000 
     -31.560000       66.510000      -76.590000      -99.330000       98.470000       39.810000       58.380000      -50.590000 
      23.230000       56.810000      -50.690000       78.170000       36.240000      -70.850000       13.880000      -84.040000 
      33.260000       46.180000       91.540000      -49.070000      -18.900000       44.960000       -3.110000      -55.850000 
      25.700000       60.790000      -94.370000       66.560000       23.670000       62.910000       -4.480000       92.120000 
      -7.060000       18.930000       56.310000       -8.590000      -77.740000       14.690000        4.340000       45.500000 
     -64.970000       17.170000       23.670000       34.790000        9.840000      -98.930000       50.750000      -56.890000 
      47.260000        5.810000      -42.440000       91.880000      -49.230000       54.450000       99.550000       40.000000 
     -21.230000      -94.820000        6.560000      -97.560000       31.610000      -97.920000       58.080000      -75.450000 
     -15.470000       14.390000      -20.520000      -29.680000       92.610000       47.340000       79.340000      -72.360000 
     -71.960000        3.010000       25.950000       37.880000      -32.400000      -23.290000       80.990000      -85.140000 
      46.040000      -97.920000       70.260000       96.820000       56.530000       69.810000        0.340000      -64.700000 
      38.510000       70.420000      -98.730000      -66.360000       36.030000       59.350000      -78.290000      -79.440000 
     -62.730000      -35.290000      -45.600000       93.400000       75.580000      -66.260000      -78.960000      -96.380000 
       0.270000       46.990000       41.500000       67.880000       87.220000      -13.980000       46.260000       33.270000 
     -11.900000       16.530000       -6.390000      -91.850000      -50.140000       93.950000      -56.540000       88.380000 
      27.890000      -91.750000       85.540000      -36.080000       67.600000      -92.740000      -15.510000       68.390000 
     -28.030000        2.410000       61.790000      -52.450000       36.160000       46.350000      -85.310000      -63.570000 
     -43.130000       19.720000      -95.690000      -92.390000       69.260000       50.580000       40.880000      -79.120000 
     -69.370000       98.010000      -70.970000      -19.510000       55.480000      -63.990000      -67.610000      -16.620000 
     -55.740000      -82.060000       47.300000       75.390000      -74.800000       95.310000       43.780000      -39.310000 
      -2.270000      -30.900000      -28.230000       97.410000      -84.550000      -13.540000      -66.160000      -27.680000 
      69.700000      -98.320000      -20.060000       38.960000       15.780000       84.340000       59.840000       46.410000 
      45.880000       88.880000      -73.100000        1.360000      -75.110000      -77.180000       48.260000      -30.840000 
     -59.240000       -4.430000      -55.450000      -70.520000      -45.600000       51.850000      -46.310000       52.130000 
     -79.050000       25.460000       13.060000       99.930000       75.450000       46.910000      -27.750000        8.670000 
      12.110000       15.710000      -52.360000      -72.110000      -36.420000       71.000000       37.820000      -90.540000 
      59.880000       28.240000      -25.660000       48.300000       51.060000      -77.390000       80.980000       55.340000 
     -18.300000       89.050000       84.820000       36.100000       40.900000      -97.960000      -48.240000       25.380000 
      27.500000       64.820000       25.310000      -33.530000      -24.750000       61.080000       75.150000       87.360000 
     -59.680000       86.310000       78.770000        3.900000       57.310000       16.590000      -23.120000      -19.280000 
     -91.640000       14.740000      -70.980000       59.420000       37.350000       73.520000      -21.710000      -80.950000 
      62.570000      -73.370000       18.680000      -33.010000      -71.330000       70.440000       92.370000       19.700000 
      35.260000      -18.800000       86.170000      -89.480000      -57.710000       24.840000       97.880000      -17.390000 
      11.150000       40.180000       50.030000      -68.010000      -43.230000       90.430000       12.710000      -71.350000 
       5.170000       41.730000       51.600000      -57.470000       15.250000      -70.110000      -74.900000      -58.660000 
     -43.480000       43.780000        8.330000      -51.280000       14.220000      -35.770000       68.420000      -86.990000 
      45.430000       18.110000      -76.470000       87.720000      -93.520000       84.930000      -66.150000       17.630000 
      25.110000       47.400000       13.140000       45.410000       37.830000      -74.150000       74.060000      -56.990000 
      67.580000      -10.820000      -50.940000      -53.650000       19.070000      -62.320000      -12.310000       39.120000 
      81.470000       59.550000       87.840000      -40.790000      -76.220000       19.780000      -27.780000       69.210000 
     -62.110000      -40.730000       20.460000      -92.110000      -92.270000       54.310000      -10.950000       32.840000 
       1.720000      -97.810000      -58.230000      -96.930000      -71.950000       79.360000      -53.920000       59.150000 
     -31.460000      -41.340000      -94.490000       51.140000       -3.650000      -43.280000       -9.740000      -58.660000 
      79.790000      -58.380000        0.550000      -96.430000       61.400000       36.300000       36.310000       62.810000 
      59.090000      -43.230000       70.710000       66.820000      -88.920000      -40.240000       -0.330000      -23.680000 
     -38.050000        4.960000      -20.600000      -10.000000      -52.160000      -11.000000      -87.320000       16.390000 
      11.190000      -81.810000      -68.950000      -92.460000      -61.570000       21.310000      -87.600000       81.750000 
      26.450000      -23.530000       85.320000      -12.150000      -87.230000       21.630000      -85.820000       71.870000 
      41.920000       84.890000       38.690000       53.010000      -91.830000      -98.120000       92.850000      -29.870000 
