0 1
0.1 0.1 0.1 0.1
  15.8
2 4
0.1 -0.2 0.5 -0.7
  15.8  18.5  21.2  23.9
  26.6  29.3    32  34.7
  37.4  40.1  42.8  45.5
  48.2  50.9  53.6  56.3
    59  61.7  64.4  67.1
  69.8  72.5  75.2  77.9
  80.6  83.3    86  88.7
   1.7   4.4   7.1   9.8
  12.5  15.2  17.9  20.6
  23.3    26  28.7  31.4
  34.1  36.8  39.5  42.2
  44.9  47.6  50.3    53
  55.7  58.4  61.1  63.8
  66.5  69.2  71.9  74.6
  77.3    80  82.7  85.4
  88.1   1.1   3.8   6.5
4 23
0.01 -0.02 0.04 -0.07
  15.8  18.5  21.2  23.9  26.6  29.3    32  34.7  37.4  40.1  42.8  45.5  48.2  50.9  53.6  56.3
    59  61.7  64.4  67.1  69.8  72.5  75.2  77.9  80.6  83.3    86  88.7   1.7   4.4   7.1   9.8
  12.5  15.2  17.9  20.6  23.3    26  28.7  31.4  34.1  36.8  39.5  42.2  44.9  47.6  50.3    53
  55.7  58.4  61.1  63.8  66.5  69.2  71.9  74.6  77.3    80  82.7  85.4  88.1   1.1   3.8   6.5
   9.2  11.9  14.6  17.3    20  22.7  25.4  28.1  30.8  33.5  36.2  38.9  41.6  44.3    47  49.7
  52.4  55.1  57.8  60.5  63.2  65.9  68.6  71.3    74  76.7  79.4  82.1  84.8  87.5   0.5   3.2
   5.9   8.6  11.3    14  16.7  19.4  22.1  24.8  27.5  30.2  32.9  35.6  38.3    41  43.7  46.4
  49.1  51.8  54.5  57.2  59.9  62.6  65.3    68  70.7  73.4  76.1  78.8  81.5  84.2  86.9  89.6
   2.6   5.3     8  10.7  13.4  16.1  18.8  21.5  24.2  26.9  29.6  32.3    35  37.7  40.4  43.1
  45.8  48.5  51.2  53.9  56.6  59.3    62  64.7  67.4  70.1  72.8  75.5  78.2  80.9  83.6  86.3
    89     2   4.7   7.4  10.1  12.8  15.5  18.2  20.9  23.6  26.3    29  31.7  34.4  37.1  39.8
  42.5  45.2  47.9  50.6  53.3    56  58.7  61.4  64.1  66.8  69.5  72.2  74.9  77.6  80.3    83
  85.7  88.4   1.4   4.1   6.8   9.5  12.2  14.9  17.6  20.3    23  25.7  28.4  31.1  33.8  36.5
  39.2  41.9  44.6  47.3    50  52.7  55.4  58.1  60.8  63.5  66.2  68.9  71.6  74.3    77  79.7
  82.4  85.1  87.8   0.8   3.5   6.2   8.9  11.6  14.3    17  19.7  22.4  25.1  27.8  30.5  33.2
  35.9  38.6  41.3    44  46.7  49.4  52.1  54.8  57.5  60.2  62.9  65.6  68.3    71  73.7  76.4
  79.1  81.8  84.5  87.2   0.2   2.9   5.6   8.3    11  13.7  16.4  19.1  21.8  24.5  27.2  29.9
  32.6  35.3    38  40.7  43.4  46.1  48.8  51.5  54.2  56.9  59.6  62.3    65  67.7  70.4  73.1
  75.8  78.5  81.2  83.9  86.6  89.3   2.3     5   7.7  10.4  13.1  15.8  18.5  21.2  23.9  26.6
  29.3    32  34.7  37.4  40.1  42.8  45.5  48.2  50.9  53.6  56.3    59  61.7  64.4  67.1  69.8
  72.5  75.2  77.9  80.6  83.3    86  88.7   1.7   4.4   7.1   9.8  12.5  15.2  17.9  20.6  23.3
    26  28.7  31.4  34.1  36.8  39.5  42.2  44.9  47.6  50.3    53  55.7  58.4  61.1  63.8  66.5
  69.2  71.9  74.6  77.3    80  82.7  85.4  88.1   1.1   3.8   6.5   9.2  11.9  14.6  17.3    20
  22.7  25.4  28.1  30.8  33.5  36.2  38.9  41.6  44.3    47  49.7  52.4  55.1  57.8  60.5  63.2
  65.9  68.6  71.3    74  76.7  79.4  82.1  84.8  87.5   0.5   3.2   5.9   8.6  11.3    14  16.7
  19.4  22.1  24.8  27.5  30.2  32.9  35.6  38.3    41  43.7  46.4  49.1  51.8  54.5  57.2  59.9
  62.6  65.3    68  70.7  73.4  76.1  78.8  81.5  84.2  86.9  89.6   2.6   5.3     8  10.7  13.4
  16.1  18.8  21.5  24.2  26.9  29.6  32.3    35  37.7  40.4  43.1  45.8  48.5  51.2  53.9  56.6
  59.3    62  64.7  67.4  70.1  72.8  75.5  78.2  80.9  83.6  86.3    89     2   4.7   7.4  10.1
  12.8  15.5  18.2  20.9  23.6  26.3    29  31.7  34.4  37.1  39.8  42.5  45.2  47.9  50.6  53.3
    56  58.7  61.4  64.1  66.8  69.5  72.2  74.9  77.6  80.3    83  85.7  88.4   1.4   4.1   6.8
   9.5  12.2  14.9  17.6  20.3    23  25.7  28.4  31.1  33.8  36.5  39.2  41.9  44.6  47.3    50
  52.7  55.4  58.1  60.8  63.5  66.2  68.9  71.6  74.3    77  79.7  82.4  85.1  87.8   0.8   3.5
   6.2   8.9  11.6  14.3    17  19.7  22.4  25.1  27.8  30.5  33.2  35.9  38.6  41.3    44  46.7
  49.4  52.1  54.8  57.5  60.2  62.9  65.6  68.3    71  73.7  76.4  79.1  81.8  84.5  87.2   0.2
   2.9   5.6   8.3    11  13.7  16.4  19.1  21.8  24.5  27.2  29.9  32.6  35.3    38  40.7  43.4
  46.1  48.8  51.5  54.2  56.9  59.6  62.3    65  67.7  70.4  73.1  75.8  78.5  81.2  83.9  86.6
  89.3   2.3     5   7.7  10.4  13.1  15.8  18.5  21.2  23.9  26.6  29.3    32  34.7  37.4  40.1
  42.8  45.5  48.2  50.9  53.6  56.3    59  61.7  64.4  67.1  69.8  72.5  75.2  77.9  80.6  83.3
    86  88.7   1.7   4.4   7.1   9.8  12.5  15.2  17.9  20.6  23.3    26  28.7  31.4  34.1  36.8
  39.5  42.2  44.9  47.6  50.3    53  55.7  58.4  61.1  63.8  66.5  69.2  71.9  74.6  77.3    80
  82.7  85.4  88.1   1.1   3.8   6.5   9.2  11.9  14.6  17.3    20  22.7  25.4  28.1  30.8  33.5
  36.2  38.9  41.6  44.3    47  49.7  52.4  55.1  57.8  60.5  63.2  65.9  68.6  71.3    74  76.7
  79.4  82.1  84.8  87.5   0.5   3.2   5.9   8.6  11.3    14  16.7  19.4  22.1  24.8  27.5  30.2
  32.9  35.6  38.3    41  43.7  46.4  49.1  51.8  54.5  57.2  59.9  62.6  65.3    68  70.7  73.4
  76.1  78.8  81.5  84.2  86.9  89.6   2.6   5.3     8  10.7  13.4  16.1  18.8  21.5  24.2  26.9
  29.6  32.3    35  37.7  40.4  43.1  45.8  48.5  51.2  53.9  56.6  59.3    62  64.7  67.4  70.1
  72.8  75.5  78.2  80.9  83.6  86.3    89     2   4.7   7.4  10.1  12.8  15.5  18.2  20.9  23.6
  26.3    29  31.7  34.4  37.1  39.8  42.5  45.2  47.9  50.6  53.3    56  58.7  61.4  64.1  66.8
  69.5  72.2  74.9  77.6  80.3    83  85.7  88.4   1.4   4.1   6.8   9.5  12.2  14.9  17.6  20.3
    23  25.7  28.4  31.1  33.8  36.5  39.2  41.9  44.6  47.3    50  52.7  55.4  58.1  60.8  63.5
  66.2  68.9  71.6  74.3    77  79.7  82.4  85.1  87.8   0.8   3.5   6.2   8.9  11.6  14.3    17
  19.7  22.4  25.1  27.8  30.5  33.2  35.9  38.6  41.3    44  46.7  49.4  52.1  54.8  57.5  60.2
  62.9  65.6  68.3    71  73.7  76.4  79.1  81.8  84.5  87.2   0.2   2.9   5.6   8.3    11  13.7
  16.4  19.1  21.8  24.5  27.2  29.9  32.6  35.3    38  40.7  43.4  46.1  48.8  51.5  54.2  56.9
  59.6  62.3    65  67.7  70.4  73.1  75.8  78.5  81.2  83.9  86.6  89.3   2.3     5   7.7  10.4
  13.1  15.8  18.5  21.2  23.9  26.6  29.3    32  34.7  37.4  40.1  42.8  45.5  48.2  50.9  53.6
  56.3    59  61.7  64.4  67.1  69.8  72.5  75.2  77.9  80.6  83.3    86  88.7   1.7   4.4   7.1
   9.8  12.5  15.2  17.9  20.6  23.3    26  28.7  31.4  34.1  36.8  39.5  42.2  44.9  47.6  50.3
    53  55.7  58.4  61.1  63.8  66.5  69.2  71.9  74.6  77.3    80  82.7  85.4  88.1   1.1   3.8
   6.5   9.2  11.9  14.6  17.3    20  22.7  25.4  28.1  30.8  33.5  36.2  38.9  41.6  44.3    47
  49.7  52.4  55.1  57.8  60.5  63.2  65.9  68.6  71.3    74  76.7  79.4  82.1  84.8  87.5   0.5
   3.2   5.9   8.6  11.3    14  16.7  19.4  22.1  24.8  27.5  30.2  32.9  35.6  38.3    41  43.7
  46.4  49.1  51.8  54.5  57.2  59.9  62.6  65.3    68  70.7  73.4  76.1  78.8  81.5  84.2  86.9
  89.6   2.6   5.3     8  10.7  13.4  16.1  18.8  21.5  24.2  26.9  29.6  32.3    35  37.7  40.4
  43.1  45.8  48.5  51.2  53.9  56.6  59.3    62  64.7  67.4  70.1  72.8  75.5  78.2  80.9  83.6
  86.3    89     2   4.7   7.4  10.1  12.8  15.5  18.2  20.9  23.6  26.3    29  31.7  34.4  37.1
  39.8  42.5  45.2  47.9  50.6  53.3    56  58.7  61.4  64.1  66.8  69.5  72.2  74.9  77.6  80.3
    83  85.7  88.4   1.4   4.1   6.8   9.5  12.2  14.9  17.6  20.3    23  25.7  28.4  31.1  33.8
  36.5  39.2  41.9  44.6  47.3    50  52.7  55.4  58.1  60.8  63.5  66.2  68.9  71.6  74.3    77
  79.7  82.4  85.1  87.8   0.8   3.5   6.2   8.9  11.6  14.3    17  19.7  22.4  25.1  27.8  30.5
  33.2  35.9  38.6  41.3    44  46.7  49.4  52.1  54.8  57.5  60.2  62.9  65.6  68.3    71  73.7
  76.4  79.1  81.8  84.5  87.2   0.2   2.9   5.6   8.3    11  13.7  16.4  19.1  21.8  24.5  27.2
  29.9  32.6  35.3    38  40.7  43.4  46.1  48.8  51.5  54.2  56.9  59.6  62.3    65  67.7  70.4
  73.1  75.8  78.5  81.2  83.9  86.6  89.3   2.3     5   7.7  10.4  13.1  15.8  18.5  21.2  23.9
  26.6  29.3    32  34.7  37.4  40.1  42.8  45.5  48.2  50.9  53.6  56.3    59  61.7  64.4  67.1
  69.8  72.5  75.2  77.9  80.6  83.3    86  88.7   1.7   4.4   7.1   9.8  12.5  15.2  17.9  20.6
  23.3    26  28.7  31.4  34.1  36.8  39.5  42.2  44.9  47.6  50.3    53  55.7  58.4  61.1  63.8
  66.5  69.2  71.9  74.6  77.3    80  82.7  85.4  88.1   1.1   3.8   6.5   9.2  11.9  14.6  17.3
    20  22.7  25.4  28.1  30.8  33.5  36.2  38.9  41.6  44.3    47  49.7  52.4  55.1  57.8  60.5
  63.2  65.9  68.6  71.3    74  76.7  79.4  82.1  84.8  87.5   0.5   3.2   5.9   8.6  11.3    14
  16.7  19.4  22.1  24.8  27.5  30.2  32.9  35.6  38.3    41  43.7  46.4  49.1  51.8  54.5  57.2
  59.9  62.6  65.3    68  70.7  73.4  76.1  78.8  81.5  84.2  86.9  89.6   2.6   5.3     8  10.7
  13.4  16.1  18.8  21.5  24.2  26.9  29.6  32.3    35  37.7  40.4  43.1  45.8  48.5  51.2  53.9
  56.6  59.3    62  64.7  67.4  70.1  72.8  75.5  78.2  80.9  83.6  86.3    89     2   4.7   7.4
  10.1  12.8  15.5  18.2  20.9  23.6  26.3    29  31.7  34.4  37.1  39.8  42.5  45.2  47.9  50.6
  53.3    56  58.7  61.4  64.1  66.8  69.5  72.2  74.9  77.6  80.3    83  85.7  88.4   1.4   4.1
   6.8   9.5  12.2  14.9  17.6  20.3    23  25.7  28.4  31.1  33.8  36.5  39.2  41.9  44.6  47.3
    50  52.7  55.4  58.1  60.8  63.5  66.2  68.9  71.6  74.3    77  79.7  82.4  85.1  87.8   0.8
   3.5   6.2   8.9  11.6  14.3    17  19.7  22.4  25.1  27.8  30.5  33.2  35.9  38.6  41.3    44
  46.7  49.4  52.1  54.8  57.5  60.2  62.9  65.6  68.3    71  73.7  76.4  79.1  81.8  84.5  87.2
   0.2   2.9   5.6   8.3    11  13.7  16.4  19.1  21.8  24.5  27.2  29.9  32.6  35.3    38  40.7
  43.4  46.1  48.8  51.5  54.2  56.9  59.6  62.3    65  67.7  70.4  73.1  75.8  78.5  81.2  83.9
  86.6  89.3   2.3     5   7.7  10.4  13.1  15.8  18.5  21.2  23.9  26.6  29.3    32  34.7  37.4
  40.1  42.8  45.5  48.2  50.9  53.6  56.3    59  61.7  64.4  67.1  69.8  72.5  75.2  77.9  80.6
  83.3    86  88.7   1.7   4.4   7.1   9.8  12.5  15.2  17.9  20.6  23.3    26  28.7  31.4  34.1
  36.8  39.5  42.2  44.9  47.6  50.3    53  55.7  58.4  61.1  63.8  66.5  69.2  71.9  74.6  77.3
    80  82.7  85.4  88.1   1.1   3.8   6.5   9.2  11.9  14.6  17.3    20  22.7  25.4  28.1  30.8
  33.5  36.2  38.9  41.6  44.3    47  49.7  52.4  55.1  57.8  60.5  63.2  65.9  68.6  71.3    74
  76.7  79.4  82.1  84.8  87.5   0.5   3.2   5.9   8.6  11.3    14  16.7  19.4  22.1  24.8  27.5
  30.2  32.9  35.6  38.3    41  43.7  46.4  49.1  51.8  54.5  57.2  59.9  62.6  65.3    68  70.7
  73.4  76.1  78.8  81.5  84.2  86.9  89.6   2.6   5.3     8  10.7  13.4  16.1  18.8  21.5  24.2
  26.9  29.6  32.3    35  37.7  40.4  43.1  45.8  48.5  51.2  53.9  56.6  59.3    62  64.7  67.4
  70.1  72.8  75.5  78.2  80.9  83.6  86.3    89     2   4.7   7.4  10.1  12.8  15.5  18.2  20.9
  23.6  26.3    29  31.7  34.4  37.1  39.8  42.5  45.2  47.9  50.6  53.3    56  58.7  61.4  64.1
  66.8  69.5  72.2  74.9  77.6  80.3    83  85.7  88.4   1.4   4.1   6.8   9.5  12.2  14.9  17.6
  20.3    23  25.7  28.4  31.1  33.8  36.5  39.2  41.9  44.6  47.3    50  52.7  55.4  58.1  60.8
  63.5  66.2  68.9  71.6  74.3    77  79.7  82.4  85.1  87.8   0.8   3.5   6.2   8.9  11.6  14.3
    17  19.7  22.4  25.1  27.8  30.5  33.2  35.9  38.6  41.3    44  46.7  49.4  52.1  54.8  57.5
  60.2  62.9  65.6  68.3    71  73.7  76.4  79.1  81.8  84.5  87.2   0.2   2.9   5.6   8.3    11
  13.7  16.4  19.1  21.8  24.5  27.2  29.9  32.6  35.3    38  40.7  43.4  46.1  48.8  51.5  54.2
  56.9  59.6  62.3    65  67.7  70.4  73.1  75.8  78.5  81.2  83.9  86.6  89.3   2.3     5   7.7
  10.4  13.1  15.8  18.5  21.2  23.9  26.6  29.3    32  34.7  37.4  40.1  42.8  45.5  48.2  50.9
  53.6  56.3    59  61.7  64.4  67.1  69.8  72.5  75.2  77.9  80.6  83.3    86  88.7   1.7   4.4
   7.1   9.8  12.5  15.2  17.9  20.6  23.3    26  28.7  31.4  34.1  36.8  39.5  42.2  44.9  47.6
  50.3    53  55.7  58.4  61.1  63.8  66.5  69.2  71.9  74.6  77.3    80  82.7  85.4  88.1   1.1
   3.8   6.5   9.2  11.9  14.6  17.3    20  22.7  25.4  28.1  30.8  33.5  36.2  38.9  41.6  44.3
    47  49.7  52.4  55.1  57.8  60.5  63.2  65.9  68.6  71.3    74  76.7  79.4  82.1  84.8  87.5
   0.5   3.2   5.9   8.6  11.3    14  16.7  19.4  22.1  24.8  27.5  30.2  32.9  35.6  38.3    41
  43.7  46.4  49.1  51.8  54.5  57.2  59.9  62.6  65.3    68  70.7  73.4  76.1  78.8  81.5  84.2
  86.9  89.6   2.6   5.3     8  10.7  13.4  16.1  18.8  21.5  24.2  26.9  29.6  32.3    35  37.7
  40.4  43.1  45.8  48.5  51.2  53.9  56.6  59.3    62  64.7  67.4  70.1  72.8  75.5  78.2  80.9
  83.6  86.3    89     2   4.7   7.4  10.1  12.8  15.5  18.2  20.9  23.6  26.3    29  31.7  34.4
  37.1  39.8  42.5  45.2  47.9  50.6  53.3    56  58.7  61.4  64.1  66.8  69.5  72.2  74.9  77.6
  80.3    83  85.7  88.4   1.4   4.1   6.8   9.5  12.2  14.9  17.6  20.3    23  25.7  28.4  31.1
  33.8  36.5  39.2  41.9  44.6  47.3    50  52.7  55.4  58.1  60.8  63.5  66.2  68.9  71.6  74.3
    77  79.7  82.4  85.1  87.8   0.8   3.5   6.2   8.9  11.6  14.3    17  19.7  22.4  25.1  27.8
  30.5  33.2  35.9  38.6  41.3    44  46.7  49.4  52.1  54.8  57.5  60.2  62.9  65.6  68.3    71
  73.7  76.4  79.1  81.8  84.5  87.2   0.2   2.9   5.6   8.3    11  13.7  16.4  19.1  21.8  24.5
  27.2  29.9  32.6  35.3    38  40.7  43.4  46.1  48.8  51.5  54.2  56.9  59.6  62.3    65  67.7
  70.4  73.1  75.8  78.5  81.2  83.9  86.6  89.3   2.3     5   7.7  10.4  13.1  15.8  18.5  21.2
  23.9  26.6  29.3    32  34.7  37.4  40.1  42.8  45.5  48.2  50.9  53.6  56.3    59  61.7  64.4
  67.1  69.8  72.5  75.2  77.9  80.6  83.3    86  88.7   1.7   4.4   7.1   9.8  12.5  15.2  17.9
  20.6  23.3    26  28.7  31.4  34.1  36.8  39.5  42.2  44.9  47.6  50.3    53  55.7  58.4  61.1
  63.8  66.5  69.2  71.9  74.6  77.3    80  82.7  85.4  88.1   1.1   3.8   6.5   9.2  11.9  14.6
  17.3    20  22.7  25.4  28.1  30.8  33.5  36.2  38.9  41.6  44.3    47  49.7  52.4  55.1  57.8
  60.5  63.2  65.9  68.6  71.3    74  76.7  79.4  82.1  84.8  87.5   0.5   3.2   5.9   8.6  11.3
    14  16.7  19.4  22.1  24.8  27.5  30.2  32.9  35.6  38.3    41  43.7  46.4  49.1  51.8  54.5
  57.2  59.9  62.6  65.3    68  70.7  73.4  76.1  78.8  81.5  84.2  86.9  89.6   2.6   5.3     8
  10.7  13.4  16.1  18.8  21.5  24.2  26.9  29.6  32.3    35  37.7  40.4  43.1  45.8  48.5  51.2
  53.9  56.6  59.3    62  64.7  67.4  70.1  72.8  75.5  78.2  80.9  83.6  86.3    89     2   4.7
   7.4  10.1  12.8  15.5  18.2  20.9  23.6  26.3    29  31.7  34.4  37.1  39.8  42.5  45.2  47.9
  50.6  53.3    56  58.7  61.4  64.1  66.8  69.5  72.2  74.9  77.6  80.3    83  85.7  88.4   1.4
   4.1   6.8   9.5  12.2  14.9  17.6  20.3    23  25.7  28.4  31.1  33.8  36.5  39.2  41.9  44.6
  47.3    50  52.7  55.4  58.1  60.8  63.5  66.2  68.9  71.6  74.3    77  79.7  82.4  85.1  87.8
   0.8   3.5   6.2   8.9  11.6  14.3    17  19.7  22.4  25.1  27.8  30.5  33.2  35.9  38.6  41.3
    44  46.7  49.4  52.1  54.8  57.5  60.2  62.9  65.6  68.3    71  73.7  76.4  79.1  81.8  84.5
  87.2   0.2   2.9   5.6   8.3    11  13.7  16.4  19.1  21.8  24.5  27.2  29.9  32.6  35.3    38
  40.7  43.4  46.1  48.8  51.5  54.2  56.9  59.6  62.3    65  67.7  70.4  73.1  75.8  78.5  81.2
  83.9  86.6  89.3   2.3     5   7.7  10.4  13.1  15.8  18.5  21.2  23.9  26.6  29.3    32  34.7
  37.4  40.1  42.8  45.5  48.2  50.9  53.6  56.3    59  61.7  64.4  67.1  69.8  72.5  75.2  77.9
  80.6  83.3    86  88.7   1.7   4.4   7.1   9.8  12.5  15.2  17.9  20.6  23.3    26  28.7  31.4
  34.1  36.8  39.5  42.2  44.9  47.6  50.3    53  55.7  58.4  61.1  63.8  66.5  69.2  71.9  74.6
  77.3    80  82.7  85.4  88.1   1.1   3.8   6.5   9.2  11.9  14.6  17.3    20  22.7  25.4  28.1
  30.8  33.5  36.2  38.9  41.6  44.3    47  49.7  52.4  55.1  57.8  60.5  63.2  65.9  68.6  71.3
    74  76.7  79.4  82.1  84.8  87.5   0.5   3.2   5.9   8.6  11.3    14  16.7  19.4  22.1  24.8
  27.5  30.2  32.9  35.6  38.3    41  43.7  46.4  49.1  51.8  54.5  57.2  59.9  62.6  65.3    68
  70.7  73.4  76.1  78.8  81.5  84.2  86.9  89.6   2.6   5.3     8  10.7  13.4  16.1  18.8  21.5
  24.2  26.9  29.6  32.3    35  37.7  40.4  43.1  45.8  48.5  51.2  53.9  56.6  59.3    62  64.7
  67.4  70.1  72.8  75.5  78.2  80.9  83.6  86.3    89     2   4.7   7.4  10.1  12.8  15.5  18.2
  20.9  23.6  26.3    29  31.7  34.4  37.1  39.8  42.5  45.2  47.9  50.6  53.3    56  58.7  61.4
  64.1  66.8  69.5  72.2  74.9  77.6  80.3    83  85.7  88.4   1.4   4.1   6.8   9.5  12.2  14.9
  17.6  20.3    23  25.7  28.4  31.1  33.8  36.5  39.2  41.9  44.6  47.3    50  52.7  55.4  58.1
  60.8  63.5  66.2  68.9  71.6  74.3    77  79.7  82.4  85.1  87.8   0.8   3.5   6.2   8.9  11.6
  14.3    17  19.7  22.4  25.1  27.8  30.5  33.2  35.9  38.6  41.3    44  46.7  49.4  52.1  54.8
  57.5  60.2  62.9  65.6  68.3    71  73.7  76.4  79.1  81.8  84.5  87.2   0.2   2.9   5.6   8.3
    11  13.7  16.4  19.1  21.8  24.5  27.2  29.9  32.6  35.3    38  40.7  43.4  46.1  48.8  51.5
  54.2  56.9  59.6  62.3    65  67.7  70.4  73.1  75.8  78.5  81.2  83.9  86.6  89.3   2.3     5
   7.7  10.4  13.1  15.8  18.5  21.2  23.9  26.6  29.3    32  34.7  37.4  40.1  42.8  45.5  48.2
  50.9  53.6  56.3    59  61.7  64.4  67.1  69.8  72.5  75.2  77.9  80.6  83.3    86  88.7   1.7
   4.4   7.1   9.8  12.5  15.2  17.9  20.6  23.3    26  28.7  31.4  34.1  36.8  39.5  42.2  44.9
  47.6  50.3    53  55.7  58.4  61.1  63.8  66.5  69.2  71.9  74.6  77.3    80  82.7  85.4  88.1
   1.1   3.8   6.5   9.2  11.9  14.6  17.3    20  22.7  25.4  28.1  30.8  33.5  36.2  38.9  41.6
  44.3    47  49.7  52.4  55.1  57.8  60.5  63.2  65.9  68.6  71.3    74  76.7  79.4  82.1  84.8
  87.5   0.5   3.2   5.9   8.6  11.3    14  16.7  19.4  22.1  24.8  27.5  30.2  32.9  35.6  38.3
    41  43.7  46.4  49.1  51.8  54.5  57.2  59.9  62.6  65.3    68  70.7  73.4  76.1  78.8  81.5
  84.2  86.9  89.6   2.6   5.3     8  10.7  13.4  16.1  18.8  21.5  24.2  26.9  29.6  32.3    35
  37.7  40.4  43.1  45.8  48.5  51.2  53.9  56.6  59.3    62  64.7  67.4  70.1  72.8  75.5  78.2
  80.9  83.6  86.3    89     2   4.7   7.4  10.1  12.8  15.5  18.2  20.9  23.6  26.3    29  31.7
  34.4  37.1  39.8  42.5  45.2  47.9  50.6  53.3    56  58.7  61.4  64.1  66.8  69.5  72.2  74.9
  77.6  80.3    83  85.7  88.4   1.4   4.1   6.8   9.5  12.2  14.9  17.6  20.3    23  25.7  28.4
  31.1  33.8  36.5  39.2  41.9  44.6  47.3    50  52.7  55.4  58.1  60.8  63.5  66.2  68.9  71.6
  74.3    77  79.7  82.4  85.1  87.8   0.8   3.5   6.2   8.9  11.6  14.3    17  19.7  22.4  25.1
  27.8  30.5  33.2  35.9  38.6  41.3    44  46.7  49.4  52.1  54.8  57.5  60.2  62.9  65.6  68.3
    71  73.7  76.4  79.1  81.8  84.5  87.2   0.2   2.9   5.6   8.3    11  13.7  16.4  19.1  21.8
  24.5  27.2  29.9  32.6  35.3    38  40.7  43.4  46.1  48.8  51.5  54.2  56.9  59.6  62.3    65
  67.7  70.4  73.1  75.8  78.5  81.2  83.9  86.6  89.3   2.3     5   7.7  10.4  13.1  15.8  18.5
  21.2  23.9  26.6  29.3    32  34.7  37.4  40.1  42.8  45.5  48.2  50.9  53.6  56.3    59  61.7
  64.4  67.1  69.8  72.5  75.2  77.9  80.6  83.3    86  88.7   1.7   4.4   7.1   9.8  12.5  15.2
  17.9  20.6  23.3    26  28.7  31.4  34.1  36.8  39.5  42.2  44.9  47.6  50.3    53  55.7  58.4
  61.1  63.8  66.5  69.2  71.9  74.6  77.3    80  82.7  85.4  88.1   1.1   3.8   6.5   9.2  11.9
  14.6  17.3    20  22.7  25.4  28.1  30.8  33.5  36.2  38.9  41.6  44.3    47  49.7  52.4  55.1
  57.8  60.5  63.2  65.9  68.6  71.3    74  76.7  79.4  82.1  84.8  87.5   0.5   3.2   5.9   8.6
  11.3    14  16.7  19.4  22.1  24.8  27.5  30.2  32.9  35.6  38.3    41  43.7  46.4  49.1  51.8
  54.5  57.2  59.9  62.6  65.3    68  70.7  73.4  76.1  78.8  81.5  84.2  86.9  89.6   2.6   5.3
     8  10.7  13.4  16.1  18.8  21.5  24.2  26.9  29.6  32.3    35  37.7  40.4  43.1  45.8  48.5
  51.2  53.9  56.6  59.3    62  64.7  67.4  70.1  72.8  75.5  78.2  80.9  83.6  86.3    89     2
   4.7   7.4  10.1  12.8  15.5  18.2  20.9  23.6  26.3    29  31.7  34.4  37.1  39.8  42.5  45.2
  47.9  50.6  53.3    56  58.7  61.4  64.1  66.8  69.5  72.2  74.9  77.6  80.3    83  85.7  88.4
   1.4   4.1   6.8   9.5  12.2  14.9  17.6  20.3    23  25.7  28.4  31.1  33.8  36.5  39.2  41.9
  44.6  47.3    50  52.7  55.4  58.1  60.8  63.5  66.2  68.9  71.6  74.3    77  79.7  82.4  85.1
  87.8   0.8   3.5   6.2   8.9  11.6  14.3    17  19.7  22.4  25.1  27.8  30.5  33.2  35.9  38.6
  41.3    44  46.7  49.4  52.1  54.8  57.5  60.2  62.9  65.6  68.3    71  73.7  76.4  79.1  81.8
  84.5  87.2   0.2   2.9   5.6   8.3    11  13.7  16.4  19.1  21.8  24.5  27.2  29.9  32.6  35.3
    38  40.7  43.4  46.1  48.8  51.5  54.2  56.9  59.6  62.3    65  67.7  70.4  73.1  75.8  78.5
  81.2  83.9  86.6  89.3   2.3     5   7.7  10.4  13.1  15.8  18.5  21.2  23.9  26.6  29.3    32
  34.7  37.4  40.1  42.8  45.5  48.2  50.9  53.6  56.3    59  61.7  64.4  67.1  69.8  72.5  75.2
  77.9  80.6  83.3    86  88.7   1.7   4.4   7.1   9.8  12.5  15.2  17.9  20.6  23.3    26  28.7
  31.4  34.1  36.8  39.5  42.2  44.9  47.6  50.3    53  55.7  58.4  61.1  63.8  66.5  69.2  71.9
  74.6  77.3    80  82.7  85.4  88.1   1.1   3.8   6.5   9.2  11.9  14.6  17.3    20  22.7  25.4
  28.1  30.8  33.5  36.2  38.9  41.6  44.3    47  49.7  52.4  55.1  57.8  60.5  63.2  65.9  68.6
  71.3    74  76.7  79.4  82.1  84.8  87.5   0.5   3.2   5.9   8.6  11.3    14  16.7  19.4  22.1
  24.8  27.5  30.2  32.9  35.6  38.3    41  43.7  46.4  49.1  51.8  54.5  57.2  59.9  62.6  65.3
    68  70.7  73.4  76.1  78.8  81.5  84.2  86.9  89.6   2.6   5.3     8  10.7  13.4  16.1  18.8
  21.5  24.2  26.9  29.6  32.3    35  37.7  40.4  43.1  45.8  48.5  51.2  53.9  56.6  59.3    62
  64.7  67.4  70.1  72.8  75.5  78.2  80.9  83.6  86.3    89     2   4.7   7.4  10.1  12.8  15.5
  18.2  20.9  23.6  26.3    29  31.7  34.4  37.1  39.8  42.5  45.2  47.9  50.6  53.3    56  58.7
  61.4  64.1  66.8  69.5  72.2  74.9  77.6  80.3    83  85.7  88.4   1.4   4.1   6.8   9.5  12.2
  14.9  17.6  20.3    23  25.7  28.4  31.1  33.8  36.5  39.2  41.9  44.6  47.3    50  52.7  55.4
  58.1  60.8  63.5  66.2  68.9  71.6  74.3    77  79.7  82.4  85.1  87.8   0.8   3.5   6.2   8.9
  11.6  14.3    17  19.7  22.4  25.1  27.8  30.5  33.2  35.9  38.6  41.3    44  46.7  49.4  52.1
  54.8  57.5  60.2  62.9  65.6  68.3    71  73.7  76.4  79.1  81.8  84.5  87.2   0.2   2.9   5.6
   8.3    11  13.7  16.4  19.1  21.8  24.5  27.2  29.9  32.6  35.3    38  40.7  43.4  46.1  48.8
  51.5  54.2  56.9  59.6  62.3    65  67.7  70.4  73.1  75.8  78.5  81.2  83.9  86.6  89.3   2.3
     5   7.7  10.4  13.1  15.8  18.5  21.2  23.9  26.6  29.3    32  34.7  37.4  40.1  42.8  45.5
  48.2  50.9  53.6  56.3    59  61.7  64.4  67.1  69.8  72.5  75.2  77.9  80.6  83.3    86  88.7
   1.7   4.4   7.1   9.8  12.5  15.2  17.9  20.6  23.3    26  28.7  31.4  34.1  36.8  39.5  42.2
  44.9  47.6  50.3    53  55.7  58.4  61.1  63.8  66.5  69.2  71.9  74.6  77.3    80  82.7  85.4
  88.1   1.1   3.8   6.5   9.2  11.9  14.6  17.3    20  22.7  25.4  28.1  30.8  33.5  36.2  38.9
  41.6  44.3    47  49.7  52.4  55.1  57.8  60.5  63.2  65.9  68.6  71.3    74  76.7  79.4  82.1
  84.8  87.5   0.5   3.2   5.9   8.6  11.3    14  16.7  19.4  22.1  24.8  27.5  30.2  32.9  35.6
  38.3    41  43.7  46.4  49.1  51.8  54.5  57.2  59.9  62.6  65.3    68  70.7  73.4  76.1  78.8
  81.5  84.2  86.9  89.6   2.6   5.3     8  10.7  13.4  16.1  18.8  21.5  24.2  26.9  29.6  32.3
    35  37.7  40.4  43.1  45.8  48.5  51.2  53.9  56.6  59.3    62  64.7  67.4  70.1  72.8  75.5
  78.2  80.9  83.6  86.3    89     2   4.7   7.4  10.1  12.8  15.5  18.2  20.9  23.6  26.3    29
  31.7  34.4  37.1  39.8  42.5  45.2  47.9  50.6  53.3    56  58.7  61.4  64.1  66.8  69.5  72.2
  74.9  77.6  80.3    83  85.7  88.4   1.4   4.1   6.8   9.5  12.2  14.9  17.6  20.3    23  25.7
  28.4  31.1  33.8  36.5  39.2  41.9  44.6  47.3    50  52.7  55.4  58.1  60.8  63.5  66.2  68.9
  71.6  74.3    77  79.7  82.4  85.1  87.8   0.8   3.5   6.2   8.9  11.6  14.3    17  19.7  22.4
  25.1  27.8  30.5  33.2  35.9  38.6  41.3    44  46.7  49.4  52.1  54.8  57.5  60.2  62.9  65.6
  68.3    71  73.7  76.4  79.1  81.8  84.5  87.2   0.2   2.9   5.6   8.3    11  13.7  16.4  19.1
  21.8  24.5  27.2  29.9  32.6  35.3    38  40.7  43.4  46.1  48.8  51.5  54.2  56.9  59.6  62.3
    65  67.7  70.4  73.1  75.8  78.5  81.2  83.9  86.6  89.3   2.3     5   7.7  10.4  13.1  15.8
  18.5  21.2  23.9  26.6  29.3    32  34.7  37.4  40.1  42.8  45.5  48.2  50.9  53.6  56.3    59
  61.7  64.4  67.1  69.8  72.5  75.2  77.9  80.6  83.3    86  88.7   1.7   4.4   7.1   9.8  12.5
  15.2  17.9  20.6  23.3    26  28.7  31.4  34.1  36.8  39.5  42.2  44.9  47.6  50.3    53  55.7
  58.4  61.1  63.8  66.5  69.2  71.9  74.6  77.3    80  82.7  85.4  88.1   1.1   3.8   6.5   9.2
  11.9  14.6  17.3    20  22.7  25.4  28.1  30.8  33.5  36.2  38.9  41.6  44.3    47  49.7  52.4
  55.1  57.8  60.5  63.2  65.9  68.6  71.3    74  76.7  79.4  82.1  84.8  87.5   0.5   3.2   5.9
   8.6  11.3    14  16.7  19.4  22.1  24.8  27.5  30.2  32.9  35.6  38.3    41  43.7  46.4  49.1
  51.8  54.5  57.2  59.9  62.6  65.3    68  70.7  73.4  76.1  78.8  81.5  84.2  86.9  89.6   2.6
   5.3     8  10.7  13.4  16.1  18.8  21.5  24.2  26.9  29.6  32.3    35  37.7  40.4  43.1  45.8
  48.5  51.2  53.9  56.6  59.3    62  64.7  67.4  70.1  72.8  75.5  78.2  80.9  83.6  86.3    89
     2   4.7   7.4  10.1  12.8  15.5  18.2  20.9  23.6  26.3    29  31.7  34.4  37.1  39.8  42.5
  45.2  47.9  50.6  53.3    56  58.7  61.4  64.1  66.8  69.5  72.2  74.9  77.6  80.3    83  85.7
  88.4   1.4   4.1   6.8   9.5  12.2  14.9  17.6  20.3    23  25.7  28.4  31.1  33.8  36.5  39.2
4 38
0.0001 -0.0006 0.0003 -0.0002
  15.8  18.5  21.2  23.9  26.6  29.3    32  34.7  37.4  40.1  42.8  45.5  48.2  50.9  53.6  56.3
    59  61.7  64.4  67.1  69.8  72.5  75.2  77.9  80.6  83.3    86  88.7   1.7   4.4   7.1   9.8
  12.5  15.2  17.9  20.6  23.3    26  28.7  31.4  34.1  36.8  39.5  42.2  44.9  47.6  50.3    53
  55.7  58.4  61.1  63.8  66.5  69.2  71.9  74.6  77.3    80  82.7  85.4  88.1   1.1   3.8   6.5
   9.2  11.9  14.6  17.3    20  22.7  25.4  28.1  30.8  33.5  36.2  38.9  41.6  44.3    47  49.7
  52.4  55.1  57.8  60.5  63.2  65.9  68.6  71.3    74  76.7  79.4  82.1  84.8  87.5   0.5   3.2
   5.9   8.6  11.3    14  16.7  19.4  22.1  24.8  27.5  30.2  32.9  35.6  38.3    41  43.7  46.4
  49.1  51.8  54.5  57.2  59.9  62.6  65.3    68  70.7  73.4  76.1  78.8  81.5  84.2  86.9  89.6
   2.6   5.3     8  10.7  13.4  16.1  18.8  21.5  24.2  26.9  29.6  32.3    35  37.7  40.4  43.1
  45.8  48.5  51.2  53.9  56.6  59.3    62  64.7  67.4  70.1  72.8  75.5  78.2  80.9  83.6  86.3
    89     2   4.7   7.4  10.1  12.8  15.5  18.2  20.9  23.6  26.3    29  31.7  34.4  37.1  39.8
  42.5  45.2  47.9  50.6  53.3    56  58.7  61.4  64.1  66.8  69.5  72.2  74.9  77.6  80.3    83
  85.7  88.4   1.4   4.1   6.8   9.5  12.2  14.9  17.6  20.3    23  25.7  28.4  31.1  33.8  36.5
  39.2  41.9  44.6  47.3    50  52.7  55.4  58.1  60.8  63.5  66.2  68.9  71.6  74.3    77  79.7
  82.4  85.1  87.8   0.8   3.5   6.2   8.9  11.6  14.3    17  19.7  22.4  25.1  27.8  30.5  33.2
  35.9  38.6  41.3    44  46.7  49.4  52.1  54.8  57.5  60.2  62.9  65.6  68.3    71  73.7  76.4
  79.1  81.8  84.5  87.2   0.2   2.9   5.6   8.3    11  13.7  16.4  19.1  21.8  24.5  27.2  29.9
  32.6  35.3    38  40.7  43.4  46.1  48.8  51.5  54.2  56.9  59.6  62.3    65  67.7  70.4  73.1
  75.8  78.5  81.2  83.9  86.6  89.3   2.3     5   7.7  10.4  13.1  15.8  18.5  21.2  23.9  26.6
  29.3    32  34.7  37.4  40.1  42.8  45.5  48.2  50.9  53.6  56.3    59  61.7  64.4  67.1  69.8
  72.5  75.2  77.9  80.6  83.3    86  88.7   1.7   4.4   7.1   9.8  12.5  15.2  17.9  20.6  23.3
    26  28.7  31.4  34.1  36.8  39.5  42.2  44.9  47.6  50.3    53  55.7  58.4  61.1  63.8  66.5
  69.2  71.9  74.6  77.3    80  82.7  85.4  88.1   1.1   3.8   6.5   9.2  11.9  14.6  17.3    20
  22.7  25.4  28.1  30.8  33.5  36.2  38.9  41.6  44.3    47  49.7  52.4  55.1  57.8  60.5  63.2
  65.9  68.6  71.3    74  76.7  79.4  82.1  84.8  87.5   0.5   3.2   5.9   8.6  11.3    14  16.7
  19.4  22.1  24.8  27.5  30.2  32.9  35.6  38.3    41  43.7  46.4  49.1  51.8  54.5  57.2  59.9
  62.6  65.3    68  70.7  73.4  76.1  78.8  81.5  84.2  86.9  89.6   2.6   5.3     8  10.7  13.4
  16.1  18.8  21.5  24.2  26.9  29.6  32.3    35  37.7  40.4  43.1  45.8  48.5  51.2  53.9  56.6
  59.3    62  64.7  67.4  70.1  72.8  75.5  78.2  80.9  83.6  86.3    89     2   4.7   7.4  10.1
  12.8  15.5  18.2  20.9  23.6  26.3    29  31.7  34.4  37.1  39.8  42.5  45.2  47.9  50.6  53.3
    56  58.7  61.4  64.1  66.8  69.5  72.2  74.9  77.6  80.3    83  85.7  88.4   1.4   4.1   6.8
   9.5  12.2  14.9  17.6  20.3    23  25.7  28.4  31.1  33.8  36.5  39.2  41.9  44.6  47.3    50
  52.7  55.4  58.1  60.8  63.5  66.2  68.9  71.6  74.3    77  79.7  82.4  85.1  87.8   0.8   3.5
   6.2   8.9  11.6  14.3    17  19.7  22.4  25.1  27.8  30.5  33.2  35.9  38.6  41.3    44  46.7
  49.4  52.1  54.8  57.5  60.2  62.9  65.6  68.3    71  73.7  76.4  79.1  81.8  84.5  87.2   0.2
   2.9   5.6   8.3    11  13.7  16.4  19.1  21.8  24.5  27.2  29.9  32.6  35.3    38  40.7  43.4
  46.1  48.8  51.5  54.2  56.9  59.6  62.3    65  67.7  70.4  73.1  75.8  78.5  81.2  83.9  86.6
  89.3   2.3     5   7.7  10.4  13.1  15.8  18.5  21.2  23.9  26.6  29.3    32  34.7  37.4  40.1
  42.8  45.5  48.2  50.9  53.6  56.3    59  61.7  64.4  67.1  69.8  72.5  75.2  77.9  80.6  83.3
    86  88.7   1.7   4.4   7.1   9.8  12.5  15.2  17.9  20.6  23.3    26  28.7  31.4  34.1  36.8
  39.5  42.2  44.9  47.6  50.3    53  55.7  58.4  61.1  63.8  66.5  69.2  71.9  74.6  77.3    80
  82.7  85.4  88.1   1.1   3.8   6.5   9.2  11.9  14.6  17.3    20  22.7  25.4  28.1  30.8  33.5
  36.2  38.9  41.6  44.3    47  49.7  52.4  55.1  57.8  60.5  63.2  65.9  68.6  71.3    74  76.7
  79.4  82.1  84.8  87.5   0.5   3.2   5.9   8.6  11.3    14  16.7  19.4  22.1  24.8  27.5  30.2
  32.9  35.6  38.3    41  43.7  46.4  49.1  51.8  54.5  57.2  59.9  62.6  65.3    68  70.7  73.4
  76.1  78.8  81.5  84.2  86.9  89.6   2.6   5.3     8  10.7  13.4  16.1  18.8  21.5  24.2  26.9
  29.6  32.3    35  37.7  40.4  43.1  45.8  48.5  51.2  53.9  56.6  59.3    62  64.7  67.4  70.1
  72.8  75.5  78.2  80.9  83.6  86.3    89     2   4.7   7.4  10.1  12.8  15.5  18.2  20.9  23.6
  26.3    29  31.7  34.4  37.1  39.8  42.5  45.2  47.9  50.6  53.3    56  58.7  61.4  64.1  66.8
  69.5  72.2  74.9  77.6  80.3    83  85.7  88.4   1.4   4.1   6.8   9.5  12.2  14.9  17.6  20.3
    23  25.7  28.4  31.1  33.8  36.5  39.2  41.9  44.6  47.3    50  52.7  55.4  58.1  60.8  63.5
  66.2  68.9  71.6  74.3    77  79.7  82.4  85.1  87.8   0.8   3.5   6.2   8.9  11.6  14.3    17
  19.7  22.4  25.1  27.8  30.5  33.2  35.9  38.6  41.3    44  46.7  49.4  52.1  54.8  57.5  60.2
  62.9  65.6  68.3    71  73.7  76.4  79.1  81.8  84.5  87.2   0.2   2.9   5.6   8.3    11  13.7
  16.4  19.1  21.8  24.5  27.2  29.9  32.6  35.3    38  40.7  43.4  46.1  48.8  51.5  54.2  56.9
  59.6  62.3    65  67.7  70.4  73.1  75.8  78.5  81.2  83.9  86.6  89.3   2.3     5   7.7  10.4
  13.1  15.8  18.5  21.2  23.9  26.6  29.3    32  34.7  37.4  40.1  42.8  45.5  48.2  50.9  53.6
  56.3    59  61.7  64.4  67.1  69.8  72.5  75.2  77.9  80.6  83.3    86  88.7   1.7   4.4   7.1
   9.8  12.5  15.2  17.9  20.6  23.3    26  28.7  31.4  34.1  36.8  39.5  42.2  44.9  47.6  50.3
    53  55.7  58.4  61.1  63.8  66.5  69.2  71.9  74.6  77.3    80  82.7  85.4  88.1   1.1   3.8
   6.5   9.2  11.9  14.6  17.3    20  22.7  25.4  28.1  30.8  33.5  36.2  38.9  41.6  44.3    47
  49.7  52.4  55.1  57.8  60.5  63.2  65.9  68.6  71.3    74  76.7  79.4  82.1  84.8  87.5   0.5
   3.2   5.9   8.6  11.3    14  16.7  19.4  22.1  24.8  27.5  30.2  32.9  35.6  38.3    41  43.7
  46.4  49.1  51.8  54.5  57.2  59.9  62.6  65.3    68  70.7  73.4  76.1  78.8  81.5  84.2  86.9
  89.6   2.6   5.3     8  10.7  13.4  16.1  18.8  21.5  24.2  26.9  29.6  32.3    35  37.7  40.4
  43.1  45.8  48.5  51.2  53.9  56.6  59.3    62  64.7  67.4  70.1  72.8  75.5  78.2  80.9  83.6
  86.3    89     2   4.7   7.4  10.1  12.8  15.5  18.2  20.9  23.6  26.3    29  31.7  34.4  37.1
  39.8  42.5  45.2  47.9  50.6  53.3    56  58.7  61.4  64.1  66.8  69.5  72.2  74.9  77.6  80.3
    83  85.7  88.4   1.4   4.1   6.8   9.5  12.2  14.9  17.6  20.3    23  25.7  28.4  31.1  33.8
  36.5  39.2  41.9  44.6  47.3    50  52.7  55.4  58.1  60.8  63.5  66.2  68.9  71.6  74.3    77
  79.7  82.4  85.1  87.8   0.8   3.5   6.2   8.9  11.6  14.3    17  19.7  22.4  25.1  27.8  30.5
  33.2  35.9  38.6  41.3    44  46.7  49.4  52.1  54.8  57.5  60.2  62.9  65.6  68.3    71  73.7
  76.4  79.1  81.8  84.5  87.2   0.2   2.9   5.6   8.3    11  13.7  16.4  19.1  21.8  24.5  27.2
  29.9  32.6  35.3    38  40.7  43.4  46.1  48.8  51.5  54.2  56.9  59.6  62.3    65  67.7  70.4
  73.1  75.8  78.5  81.2  83.9  86.6  89.3   2.3     5   7.7  10.4  13.1  15.8  18.5  21.2  23.9
  26.6  29.3    32  34.7  37.4  40.1  42.8  45.5  48.2  50.9  53.6  56.3    59  61.7  64.4  67.1
  69.8  72.5  75.2  77.9  80.6  83.3    86  88.7   1.7   4.4   7.1   9.8  12.5  15.2  17.9  20.6
  23.3    26  28.7  31.4  34.1  36.8  39.5  42.2  44.9  47.6  50.3    53  55.7  58.4  61.1  63.8
  66.5  69.2  71.9  74.6  77.3    80  82.7  85.4  88.1   1.1   3.8   6.5   9.2  11.9  14.6  17.3
    20  22.7  25.4  28.1  30.8  33.5  36.2  38.9  41.6  44.3    47  49.7  52.4  55.1  57.8  60.5
  63.2  65.9  68.6  71.3    74  76.7  79.4  82.1  84.8  87.5   0.5   3.2   5.9   8.6  11.3    14
  16.7  19.4  22.1  24.8  27.5  30.2  32.9  35.6  38.3    41  43.7  46.4  49.1  51.8  54.5  57.2
  59.9  62.6  65.3    68  70.7  73.4  76.1  78.8  81.5  84.2  86.9  89.6   2.6   5.3     8  10.7
  13.4  16.1  18.8  21.5  24.2  26.9  29.6  32.3    35  37.7  40.4  43.1  45.8  48.5  51.2  53.9
  56.6  59.3    62  64.7  67.4  70.1  72.8  75.5  78.2  80.9  83.6  86.3    89     2   4.7   7.4
  10.1  12.8  15.5  18.2  20.9  23.6  26.3    29  31.7  34.4  37.1  39.8  42.5  45.2  47.9  50.6
  53.3    56  58.7  61.4  64.1  66.8  69.5  72.2  74.9  77.6  80.3    83  85.7  88.4   1.4   4.1
   6.8   9.5  12.2  14.9  17.6  20.3    23  25.7  28.4  31.1  33.8  36.5  39.2  41.9  44.6  47.3
    50  52.7  55.4  58.1  60.8  63.5  66.2  68.9  71.6  74.3    77  79.7  82.4  85.1  87.8   0.8
   3.5   6.2   8.9  11.6  14.3    17  19.7  22.4  25.1  27.8  30.5  33.2  35.9  38.6  41.3    44
  46.7  49.4  52.1  54.8  57.5  60.2  62.9  65.6  68.3    71  73.7  76.4  79.1  81.8  84.5  87.2
   0.2   2.9   5.6   8.3    11  13.7  16.4  19.1  21.8  24.5  27.2  29.9  32.6  35.3    38  40.7
  43.4  46.1  48.8  51.5  54.2  56.9  59.6  62.3    65  67.7  70.4  73.1  75.8  78.5  81.2  83.9
  86.6  89.3   2.3     5   7.7  10.4  13.1  15.8  18.5  21.2  23.9  26.6  29.3    32  34.7  37.4
  40.1  42.8  45.5  48.2  50.9  53.6  56.3    59  61.7  64.4  67.1  69.8  72.5  75.2  77.9  80.6
  83.3    86  88.7   1.7   4.4   7.1   9.8  12.5  15.2  17.9  20.6  23.3    26  28.7  31.4  34.1
  36.8  39.5  42.2  44.9  47.6  50.3    53  55.7  58.4  61.1  63.8  66.5  69.2  71.9  74.6  77.3
    80  82.7  85.4  88.1   1.1   3.8   6.5   9.2  11.9  14.6  17.3    20  22.7  25.4  28.1  30.8
  33.5  36.2  38.9  41.6  44.3    47  49.7  52.4  55.1  57.8  60.5  63.2  65.9  68.6  71.3    74
  76.7  79.4  82.1  84.8  87.5   0.5   3.2   5.9   8.6  11.3    14  16.7  19.4  22.1  24.8  27.5
  30.2  32.9  35.6  38.3    41  43.7  46.4  49.1  51.8  54.5  57.2  59.9  62.6  65.3    68  70.7
  73.4  76.1  78.8  81.5  84.2  86.9  89.6   2.6   5.3     8  10.7  13.4  16.1  18.8  21.5  24.2
  26.9  29.6  32.3    35  37.7  40.4  43.1  45.8  48.5  51.2  53.9  56.6  59.3    62  64.7  67.4
  70.1  72.8  75.5  78.2  80.9  83.6  86.3    89     2   4.7   7.4  10.1  12.8  15.5  18.2  20.9
  23.6  26.3    29  31.7  34.4  37.1  39.8  42.5  45.2  47.9  50.6  53.3    56  58.7  61.4  64.1
  66.8  69.5  72.2  74.9  77.6  80.3    83  85.7  88.4   1.4   4.1   6.8   9.5  12.2  14.9  17.6
  20.3    23  25.7  28.4  31.1  33.8  36.5  39.2  41.9  44.6  47.3    50  52.7  55.4  58.1  60.8
  63.5  66.2  68.9  71.6  74.3    77  79.7  82.4  85.1  87.8   0.8   3.5   6.2   8.9  11.6  14.3
    17  19.7  22.4  25.1  27.8  30.5  33.2  35.9  38.6  41.3    44  46.7  49.4  52.1  54.8  57.5
  60.2  62.9  65.6  68.3    71  73.7  76.4  79.1  81.8  84.5  87.2   0.2   2.9   5.6   8.3    11
  13.7  16.4  19.1  21.8  24.5  27.2  29.9  32.6  35.3    38  40.7  43.4  46.1  48.8  51.5  54.2
  56.9  59.6  62.3    65  67.7  70.4  73.1  75.8  78.5  81.2  83.9  86.6  89.3   2.3     5   7.7
  10.4  13.1  15.8  18.5  21.2  23.9  26.6  29.3    32  34.7  37.4  40.1  42.8  45.5  48.2  50.9
  53.6  56.3    59  61.7  64.4  67.1  69.8  72.5  75.2  77.9  80.6  83.3    86  88.7   1.7   4.4
   7.1   9.8  12.5  15.2  17.9  20.6  23.3    26  28.7  31.4  34.1  36.8  39.5  42.2  44.9  47.6
  50.3    53  55.7  58.4  61.1  63.8  66.5  69.2  71.9  74.6  77.3    80  82.7  85.4  88.1   1.1
   3.8   6.5   9.2  11.9  14.6  17.3    20  22.7  25.4  28.1  30.8  33.5  36.2  38.9  41.6  44.3
    47  49.7  52.4  55.1  57.8  60.5  63.2  65.9  68.6  71.3    74  76.7  79.4  82.1  84.8  87.5
   0.5   3.2   5.9   8.6  11.3    14  16.7  19.4  22.1  24.8  27.5  30.2  32.9  35.6  38.3    41
  43.7  46.4  49.1  51.8  54.5  57.2  59.9  62.6  65.3    68  70.7  73.4  76.1  78.8  81.5  84.2
  86.9  89.6   2.6   5.3     8  10.7  13.4  16.1  18.8  21.5  24.2  26.9  29.6  32.3    35  37.7
  40.4  43.1  45.8  48.5  51.2  53.9  56.6  59.3    62  64.7  67.4  70.1  72.8  75.5  78.2  80.9
  83.6  86.3    89     2   4.7   7.4  10.1  12.8  15.5  18.2  20.9  23.6  26.3    29  31.7  34.4
  37.1  39.8  42.5  45.2  47.9  50.6  53.3    56  58.7  61.4  64.1  66.8  69.5  72.2  74.9  77.6
  80.3    83  85.7  88.4   1.4   4.1   6.8   9.5  12.2  14.9  17.6  20.3    23  25.7  28.4  31.1
  33.8  36.5  39.2  41.9  44.6  47.3    50  52.7  55.4  58.1  60.8  63.5  66.2  68.9  71.6  74.3
    77  79.7  82.4  85.1  87.8   0.8   3.5   6.2   8.9  11.6  14.3    17  19.7  22.4  25.1  27.8
  30.5  33.2  35.9  38.6  41.3    44  46.7  49.4  52.1  54.8  57.5  60.2  62.9  65.6  68.3    71
  73.7  76.4  79.1  81.8  84.5  87.2   0.2   2.9   5.6   8.3    11  13.7  16.4  19.1  21.8  24.5
  27.2  29.9  32.6  35.3    38  40.7  43.4  46.1  48.8  51.5  54.2  56.9  59.6  62.3    65  67.7
  70.4  73.1  75.8  78.5  81.2  83.9  86.6  89.3   2.3     5   7.7  10.4  13.1  15.8  18.5  21.2
  23.9  26.6  29.3    32  34.7  37.4  40.1  42.8  45.5  48.2  50.9  53.6  56.3    59  61.7  64.4
  67.1  69.8  72.5  75.2  77.9  80.6  83.3    86  88.7   1.7   4.4   7.1   9.8  12.5  15.2  17.9
  20.6  23.3    26  28.7  31.4  34.1  36.8  39.5  42.2  44.9  47.6  50.3    53  55.7  58.4  61.1
  63.8  66.5  69.2  71.9  74.6  77.3    80  82.7  85.4  88.1   1.1   3.8   6.5   9.2  11.9  14.6
  17.3    20  22.7  25.4  28.1  30.8  33.5  36.2  38.9  41.6  44.3    47  49.7  52.4  55.1  57.8
  60.5  63.2  65.9  68.6  71.3    74  76.7  79.4  82.1  84.8  87.5   0.5   3.2   5.9   8.6  11.3
    14  16.7  19.4  22.1  24.8  27.5  30.2  32.9  35.6  38.3    41  43.7  46.4  49.1  51.8  54.5
  57.2  59.9  62.6  65.3    68  70.7  73.4  76.1  78.8  81.5  84.2  86.9  89.6   2.6   5.3     8
  10.7  13.4  16.1  18.8  21.5  24.2  26.9  29.6  32.3    35  37.7  40.4  43.1  45.8  48.5  51.2
  53.9  56.6  59.3    62  64.7  67.4  70.1  72.8  75.5  78.2  80.9  83.6  86.3    89     2   4.7
   7.4  10.1  12.8  15.5  18.2  20.9  23.6  26.3    29  31.7  34.4  37.1  39.8  42.5  45.2  47.9
  50.6  53.3    56  58.7  61.4  64.1  66.8  69.5  72.2  74.9  77.6  80.3    83  85.7  88.4   1.4
   4.1   6.8   9.5  12.2  14.9  17.6  20.3    23  25.7  28.4  31.1  33.8  36.5  39.2  41.9  44.6
  47.3    50  52.7  55.4  58.1  60.8  63.5  66.2  68.9  71.6  74.3    77  79.7  82.4  85.1  87.8
   0.8   3.5   6.2   8.9  11.6  14.3    17  19.7  22.4  25.1  27.8  30.5  33.2  35.9  38.6  41.3
    44  46.7  49.4  52.1  54.8  57.5  60.2  62.9  65.6  68.3    71  73.7  76.4  79.1  81.8  84.5
  87.2   0.2   2.9   5.6   8.3    11  13.7  16.4  19.1  21.8  24.5  27.2  29.9  32.6  35.3    38
  40.7  43.4  46.1  48.8  51.5  54.2  56.9  59.6  62.3    65  67.7  70.4  73.1  75.8  78.5  81.2
  83.9  86.6  89.3   2.3     5   7.7  10.4  13.1  15.8  18.5  21.2  23.9  26.6  29.3    32  34.7
  37.4  40.1  42.8  45.5  48.2  50.9  53.6  56.3    59  61.7  64.4  67.1  69.8  72.5  75.2  77.9
  80.6  83.3    86  88.7   1.7   4.4   7.1   9.8  12.5  15.2  17.9  20.6  23.3    26  28.7  31.4
  34.1  36.8  39.5  42.2  44.9  47.6  50.3    53  55.7  58.4  61.1  63.8  66.5  69.2  71.9  74.6
  77.3    80  82.7  85.4  88.1   1.1   3.8   6.5   9.2  11.9  14.6  17.3    20  22.7  25.4  28.1
  30.8  33.5  36.2  38.9  41.6  44.3    47  49.7  52.4  55.1  57.8  60.5  63.2  65.9  68.6  71.3
    74  76.7  79.4  82.1  84.8  87.5   0.5   3.2   5.9   8.6  11.3    14  16.7  19.4  22.1  24.8
  27.5  30.2  32.9  35.6  38.3    41  43.7  46.4  49.1  51.8  54.5  57.2  59.9  62.6  65.3    68
  70.7  73.4  76.1  78.8  81.5  84.2  86.9  89.6   2.6   5.3     8  10.7  13.4  16.1  18.8  21.5
  24.2  26.9  29.6  32.3    35  37.7  40.4  43.1  45.8  48.5  51.2  53.9  56.6  59.3    62  64.7
  67.4  70.1  72.8  75.5  78.2  80.9  83.6  86.3    89     2   4.7   7.4  10.1  12.8  15.5  18.2
  20.9  23.6  26.3    29  31.7  34.4  37.1  39.8  42.5  45.2  47.9  50.6  53.3    56  58.7  61.4
  64.1  66.8  69.5  72.2  74.9  77.6  80.3    83  85.7  88.4   1.4   4.1   6.8   9.5  12.2  14.9
  17.6  20.3    23  25.7  28.4  31.1  33.8  36.5  39.2  41.9  44.6  47.3    50  52.7  55.4  58.1
  60.8  63.5  66.2  68.9  71.6  74.3    77  79.7  82.4  85.1  87.8   0.8   3.5   6.2   8.9  11.6
  14.3    17  19.7  22.4  25.1  27.8  30.5  33.2  35.9  38.6  41.3    44  46.7  49.4  52.1  54.8
  57.5  60.2  62.9  65.6  68.3    71  73.7  76.4  79.1  81.8  84.5  87.2   0.2   2.9   5.6   8.3
    11  13.7  16.4  19.1  21.8  24.5  27.2  29.9  32.6  35.3    38  40.7  43.4  46.1  48.8  51.5
  54.2  56.9  59.6  62.3    65  67.7  70.4  73.1  75.8  78.5  81.2  83.9  86.6  89.3   2.3     5
   7.7  10.4  13.1  15.8  18.5  21.2  23.9  26.6  29.3    32  34.7  37.4  40.1  42.8  45.5  48.2
  50.9  53.6  56.3    59  61.7  64.4  67.1  69.8  72.5  75.2  77.9  80.6  83.3    86  88.7   1.7
   4.4   7.1   9.8  12.5  15.2  17.9  20.6  23.3    26  28.7  31.4  34.1  36.8  39.5  42.2  44.9
  47.6  50.3    53  55.7  58.4  61.1  63.8  66.5  69.2  71.9  74.6  77.3    80  82.7  85.4  88.1
   1.1   3.8   6.5   9.2  11.9  14.6  17.3    20  22.7  25.4  28.1  30.8  33.5  36.2  38.9  41.6
  44.3    47  49.7  52.4  55.1  57.8  60.5  63.2  65.9  68.6  71.3    74  76.7  79.4  82.1  84.8
  87.5   0.5   3.2   5.9   8.6  11.3    14  16.7  19.4  22.1  24.8  27.5  30.2  32.9  35.6  38.3
    41  43.7  46.4  49.1  51.8  54.5  57.2  59.9  62.6  65.3    68  70.7  73.4  76.1  78.8  81.5
  84.2  86.9  89.6   2.6   5.3     8  10.7  13.4  16.1  18.8  21.5  24.2  26.9  29.6  32.3    35
  37.7  40.4  43.1  45.8  48.5  51.2  53.9  56.6  59.3    62  64.7  67.4  70.1  72.8  75.5  78.2
  80.9  83.6  86.3    89     2   4.7   7.4  10.1  12.8  15.5  18.2  20.9  23.6  26.3    29  31.7
  34.4  37.1  39.8  42.5  45.2  47.9  50.6  53.3    56  58.7  61.4  64.1  66.8  69.5  72.2  74.9
  77.6  80.3    83  85.7  88.4   1.4   4.1   6.8   9.5  12.2  14.9  17.6  20.3    23  25.7  28.4
  31.1  33.8  36.5  39.2  41.9  44.6  47.3    50  52.7  55.4  58.1  60.8  63.5  66.2  68.9  71.6
  74.3    77  79.7  82.4  85.1  87.8   0.8   3.5   6.2   8.9  11.6  14.3    17  19.7  22.4  25.1
  27.8  30.5  33.2  35.9  38.6  41.3    44  46.7  49.4  52.1  54.8  57.5  60.2  62.9  65.6  68.3
    71  73.7  76.4  79.1  81.8  84.5  87.2   0.2   2.9   5.6   8.3    11  13.7  16.4  19.1  21.8
  24.5  27.2  29.9  32.6  35.3    38  40.7  43.4  46.1  48.8  51.5  54.2  56.9  59.6  62.3    65
  67.7  70.4  73.1  75.8  78.5  81.2  83.9  86.6  89.3   2.3     5   7.7  10.4  13.1  15.8  18.5
  21.2  23.9  26.6  29.3    32  34.7  37.4  40.1  42.8  45.5  48.2  50.9  53.6  56.3    59  61.7
  64.4  67.1  69.8  72.5  75.2  77.9  80.6  83.3    86  88.7   1.7   4.4   7.1   9.8  12.5  15.2
  17.9  20.6  23.3    26  28.7  31.4  34.1  36.8  39.5  42.2  44.9  47.6  50.3    53  55.7  58.4
  61.1  63.8  66.5  69.2  71.9  74.6  77.3    80  82.7  85.4  88.1   1.1   3.8   6.5   9.2  11.9
  14.6  17.3    20  22.7  25.4  28.1  30.8  33.5  36.2  38.9  41.6  44.3    47  49.7  52.4  55.1
  57.8  60.5  63.2  65.9  68.6  71.3    74  76.7  79.4  82.1  84.8  87.5   0.5   3.2   5.9   8.6
  11.3    14  16.7  19.4  22.1  24.8  27.5  30.2  32.9  35.6  38.3    41  43.7  46.4  49.1  51.8
  54.5  57.2  59.9  62.6  65.3    68  70.7  73.4  76.1  78.8  81.5  84.2  86.9  89.6   2.6   5.3
     8  10.7  13.4  16.1  18.8  21.5  24.2  26.9  29.6  32.3    35  37.7  40.4  43.1  45.8  48.5
  51.2  53.9  56.6  59.3    62  64.7  67.4  70.1  72.8  75.5  78.2  80.9  83.6  86.3    89     2
   4.7   7.4  10.1  12.8  15.5  18.2  20.9  23.6  26.3    29  31.7  34.4  37.1  39.8  42.5  45.2
  47.9  50.6  53.3    56  58.7  61.4  64.1  66.8  69.5  72.2  74.9  77.6  80.3    83  85.7  88.4
   1.4   4.1   6.8   9.5  12.2  14.9  17.6  20.3    23  25.7  28.4  31.1  33.8  36.5  39.2  41.9
  44.6  47.3    50  52.7  55.4  58.1  60.8  63.5  66.2  68.9  71.6  74.3    77  79.7  82.4  85.1
  87.8   0.8   3.5   6.2   8.9  11.6  14.3    17  19.7  22.4  25.1  27.8  30.5  33.2  35.9  38.6
  41.3    44  46.7  49.4  52.1  54.8  57.5  60.2  62.9  65.6  68.3    71  73.7  76.4  79.1  81.8
  84.5  87.2   0.2   2.9   5.6   8.3    11  13.7  16.4  19.1  21.8  24.5  27.2  29.9  32.6  35.3
    38  40.7  43.4  46.1  48.8  51.5  54.2  56.9  59.6  62.3    65  67.7  70.4  73.1  75.8  78.5
  81.2  83.9  86.6  89.3   2.3     5   7.7  10.4  13.1  15.8  18.5  21.2  23.9  26.6  29.3    32
  34.7  37.4  40.1  42.8  45.5  48.2  50.9  53.6  56.3    59  61.7  64.4  67.1  69.8  72.5  75.2
  77.9  80.6  83.3    86  88.7   1.7   4.4   7.1   9.8  12.5  15.2  17.9  20.6  23.3    26  28.7
  31.4  34.1  36.8  39.5  42.2  44.9  47.6  50.3    53  55.7  58.4  61.1  63.8  66.5  69.2  71.9
  74.6  77.3    80  82.7  85.4  88.1   1.1   3.8   6.5   9.2  11.9  14.6  17.3    20  22.7  25.4
  28.1  30.8  33.5  36.2  38.9  41.6  44.3    47  49.7  52.4  55.1  57.8  60.5  63.2  65.9  68.6
  71.3    74  76.7  79.4  82.1  84.8  87.5   0.5   3.2   5.9   8.6  11.3    14  16.7  19.4  22.1
  24.8  27.5  30.2  32.9  35.6  38.3    41  43.7  46.4  49.1  51.8  54.5  57.2  59.9  62.6  65.3
    68  70.7  73.4  76.1  78.8  81.5  84.2  86.9  89.6   2.6   5.3     8  10.7  13.4  16.1  18.8
  21.5  24.2  26.9  29.6  32.3    35  37.7  40.4  43.1  45.8  48.5  51.2  53.9  56.6  59.3    62
  64.7  67.4  70.1  72.8  75.5  78.2  80.9  83.6  86.3    89     2   4.7   7.4  10.1  12.8  15.5
  18.2  20.9  23.6  26.3    29  31.7  34.4  37.1  39.8  42.5  45.2  47.9  50.6  53.3    56  58.7
  61.4  64.1  66.8  69.5  72.2  74.9  77.6  80.3    83  85.7  88.4   1.4   4.1   6.8   9.5  12.2
  14.9  17.6  20.3    23  25.7  28.4  31.1  33.8  36.5  39.2  41.9  44.6  47.3    50  52.7  55.4
  58.1  60.8  63.5  66.2  68.9  71.6  74.3    77  79.7  82.4  85.1  87.8   0.8   3.5   6.2   8.9
  11.6  14.3    17  19.7  22.4  25.1  27.8  30.5  33.2  35.9  38.6  41.3    44  46.7  49.4  52.1
  54.8  57.5  60.2  62.9  65.6  68.3    71  73.7  76.4  79.1  81.8  84.5  87.2   0.2   2.9   5.6
   8.3    11  13.7  16.4  19.1  21.8  24.5  27.2  29.9  32.6  35.3    38  40.7  43.4  46.1  48.8
  51.5  54.2  56.9  59.6  62.3    65  67.7  70.4  73.1  75.8  78.5  81.2  83.9  86.6  89.3   2.3
     5   7.7  10.4  13.1  15.8  18.5  21.2  23.9  26.6  29.3    32  34.7  37.4  40.1  42.8  45.5
  48.2  50.9  53.6  56.3    59  61.7  64.4  67.1  69.8  72.5  75.2  77.9  80.6  83.3    86  88.7
   1.7   4.4   7.1   9.8  12.5  15.2  17.9  20.6  23.3    26  28.7  31.4  34.1  36.8  39.5  42.2
  44.9  47.6  50.3    53  55.7  58.4  61.1  63.8  66.5  69.2  71.9  74.6  77.3    80  82.7  85.4
  88.1   1.1   3.8   6.5   9.2  11.9  14.6  17.3    20  22.7  25.4  28.1  30.8  33.5  36.2  38.9
  41.6  44.3    47  49.7  52.4  55.1  57.8  60.5  63.2  65.9  68.6  71.3    74  76.7  79.4  82.1
  84.8  87.5   0.5   3.2   5.9   8.6  11.3    14  16.7  19.4  22.1  24.8  27.5  30.2  32.9  35.6
  38.3    41  43.7  46.4  49.1  51.8  54.5  57.2  59.9  62.6  65.3    68  70.7  73.4  76.1  78.8
  81.5  84.2  86.9  89.6   2.6   5.3     8  10.7  13.4  16.1  18.8  21.5  24.2  26.9  29.6  32.3
    35  37.7  40.4  43.1  45.8  48.5  51.2  53.9  56.6  59.3    62  64.7  67.4  70.1  72.8  75.5
  78.2  80.9  83.6  86.3    89     2   4.7   7.4  10.1  12.8  15.5  18.2  20.9  23.6  26.3    29
  31.7  34.4  37.1  39.8  42.5  45.2  47.9  50.6  53.3    56  58.7  61.4  64.1  66.8  69.5  72.2
  74.9  77.6  80.3    83  85.7  88.4   1.4   4.1   6.8   9.5  12.2  14.9  17.6  20.3    23  25.7
  28.4  31.1  33.8  36.5  39.2  41.9  44.6  47.3    50  52.7  55.4  58.1  60.8  63.5  66.2  68.9
  71.6  74.3    77  79.7  82.4  85.1  87.8   0.8   3.5   6.2   8.9  11.6  14.3    17  19.7  22.4
  25.1  27.8  30.5  33.2  35.9  38.6  41.3    44  46.7  49.4  52.1  54.8  57.5  60.2  62.9  65.6
  68.3    71  73.7  76.4  79.1  81.8  84.5  87.2   0.2   2.9   5.6   8.3    11  13.7  16.4  19.1
  21.8  24.5  27.2  29.9  32.6  35.3    38  40.7  43.4  46.1  48.8  51.5  54.2  56.9  59.6  62.3
    65  67.7  70.4  73.1  75.8  78.5  81.2  83.9  86.6  89.3   2.3     5   7.7  10.4  13.1  15.8
  18.5  21.2  23.9  26.6  29.3    32  34.7  37.4  40.1  42.8  45.5  48.2  50.9  53.6  56.3    59
  61.7  64.4  67.1  69.8  72.5  75.2  77.9  80.6  83.3    86  88.7   1.7   4.4   7.1   9.8  12.5
  15.2  17.9  20.6  23.3    26  28.7  31.4  34.1  36.8  39.5  42.2  44.9  47.6  50.3    53  55.7
  58.4  61.1  63.8  66.5  69.2  71.9  74.6  77.3    80  82.7  85.4  88.1   1.1   3.8   6.5   9.2
  11.9  14.6  17.3    20  22.7  25.4  28.1  30.8  33.5  36.2  38.9  41.6  44.3    47  49.7  52.4
  55.1  57.8  60.5  63.2  65.9  68.6  71.3    74  76.7  79.4  82.1  84.8  87.5   0.5   3.2   5.9
   8.6  11.3    14  16.7  19.4  22.1  24.8  27.5  30.2  32.9  35.6  38.3    41  43.7  46.4  49.1
  51.8  54.5  57.2  59.9  62.6  65.3    68  70.7  73.4  76.1  78.8  81.5  84.2  86.9  89.6   2.6
   5.3     8  10.7  13.4  16.1  18.8  21.5  24.2  26.9  29.6  32.3    35  37.7  40.4  43.1  45.8
  48.5  51.2  53.9  56.6  59.3    62  64.7  67.4  70.1  72.8  75.5  78.2  80.9  83.6  86.3    89
     2   4.7   7.4  10.1  12.8  15.5  18.2  20.9  23.6  26.3    29  31.7  34.4  37.1  39.8  42.5
  45.2  47.9  50.6  53.3    56  58.7  61.4  64.1  66.8  69.5  72.2  74.9  77.6  80.3    83  85.7
  88.4   1.4   4.1   6.8   9.5  12.2  14.9  17.6  20.3    23  25.7  28.4  31.1  33.8  36.5  39.2
